219.729004000000	383.015015000000
510.135986000000	388.493988000000
501.205994000000	33.2309990000000
510.652008000000	118.858002000000
63.8940010000000	65.8069990000000
458.481995000000	42.4010010000000
182.490997000000	143.300995000000
520.447998000000	42.8149990000000
58.4380000000000	328.898010000000
515.284973000000	40.0919990000000
131.195999000000	299.123993000000
202.173004000000	135.988007000000
101.849998000000	74.9110030000000
258.614990000000	119.635002000000
509.196991000000	337.441986000000
22.2460000000000	312.266998000000
195.843002000000	402.169006000000
379.981995000000	378.664001000000
608.442993000000	211.834000000000
666.924011000000	301.914001000000
247.212997000000	84.3949970000000
560.120972000000	401.136993000000
591.320984000000	260.760986000000
264.976013000000	408.902008000000
554.262024000000	91.0770030000000
281.402008000000	142.035995000000
146.403000000000	141.300003000000
542.250000000000	116.317001000000
631.614990000000	120.031998000000
42.4550020000000	235.481995000000
343.787994000000	391.865997000000
380.437988000000	248.796997000000
516.718018000000	28.4470010000000
91.0729980000000	249.684006000000
159.485992000000	190.149994000000
574.382019000000	351.790985000000
62.1860010000000	336.868011000000
227.526993000000	255.570999000000
184.231995000000	407.033997000000
14.3100000000000	335.104004000000
645.070007000000	332.912994000000
73.7450030000000	348.937012000000
13.0800000000000	224.233002000000
50.5630000000000	135.328003000000
113.274002000000	246.923004000000
299.222992000000	65.3369980000000
622.851990000000	198.610992000000
80.3679960000000	115.461998000000
604.879028000000	323.972992000000
635.226990000000	53.9160000000000
198.975998000000	237.488007000000
657.793030000000	396.571991000000
218.776993000000	256.056000000000
488.865997000000	204.406006000000
109.153000000000	73.9960020000000
329.414001000000	334.966003000000
642.656006000000	239.276001000000
633.788025000000	345.769012000000
519.226013000000	416.437988000000
164.880997000000	411.177002000000
54.3720020000000	289.890991000000
85.2780000000000	158.781998000000
481.118988000000	22.1480010000000
125.362000000000	385.834015000000
34.4259990000000	321.949005000000
641.539978000000	377.304993000000
555.728027000000	220.830002000000
91.2799990000000	396.627991000000
170.472000000000	388.209991000000
150.391006000000	64.3620000000000
499.997986000000	74.3359990000000
277.868988000000	417.931000000000
482.404999000000	308.162994000000
285.916992000000	378.368988000000
317.933990000000	394.261993000000
576.854004000000	152.319000000000
502.057007000000	205.651993000000
579.424011000000	137.102005000000
326.721008000000	30.7269990000000
516.171997000000	174.875000000000
375.674988000000	155.201996000000
615.541992000000	416.106995000000
438.686005000000	85.6829990000000
130.682007000000	60.0880010000000
185.781006000000	82.3200000000000
624.531982000000	426.601013000000
35.2280010000000	134.942993000000
51.8170010000000	155.082993000000
38.4189990000000	121.675003000000
99.4870000000000	47.7470020000000
268.795990000000	393.450012000000
360.669006000000	395.217987000000
295.174011000000	56.2570000000000
653.054993000000	61.5079990000000
466.783997000000	33.1889990000000
111.271004000000	141.358994000000
43.9819980000000	54.2070010000000
464.851990000000	331.901001000000
635.771973000000	180.764999000000
57.9189990000000	333.928009000000
611.804016000000	238.188004000000
618.783020000000	403.589996000000
584.796997000000	425.072998000000
91.5800020000000	12.8210000000000
509.677002000000	40.3170010000000
178.440002000000	380.683014000000
624.197998000000	369.289001000000
499.359985000000	42.6450000000000
50.1450000000000	50.8450010000000
463.183990000000	298.144012000000
256.648987000000	398.878998000000
149.259995000000	155.832993000000
598.015991000000	276.945007000000
305.770996000000	249.335007000000
224.488007000000	154.494003000000
55.6740000000000	278.561005000000
672.018982000000	332.110992000000
605.581970000000	322.184998000000
325.125000000000	98.0059970000000
595.918030000000	286.833008000000
509.221008000000	37.7869990000000
139.279999000000	46.3089980000000
219.108002000000	326.795013000000
482.145996000000	33.1990010000000
35.6469990000000	48.7719990000000
12.3040000000000	384.605011000000
351.660004000000	283.526001000000
295.154999000000	408.839996000000
426.026001000000	98.6979980000000
536.419983000000	385.154999000000
263.359009000000	53.9049990000000
664.843018000000	427.190002000000
547.442017000000	267.141998000000
566.146973000000	350
157.610992000000	121.695999000000
113.667000000000	269.191010000000
68.1299970000000	135.332001000000
550.111023000000	351.257996000000
436.015015000000	377.864990000000
176.123001000000	54.5480000000000
199.882996000000	62.9100000000000
65.6090010000000	135.654007000000
593	369.537994000000
161.727997000000	156.376999000000
219.811005000000	129.037003000000
220.384003000000	410.153992000000
142.031998000000	147.559998000000
611.877991000000	235.057007000000
461.292999000000	113.333000000000
286.480011000000	386.751007000000
580.471008000000	261.442993000000
630.083008000000	308.934998000000
188.449005000000	399.342987000000
167.699997000000	59.6679990000000
442.304993000000	129.921997000000
116.794998000000	250.947998000000
244.651001000000	404.027008000000
552.411011000000	299.605011000000
524.973022000000	111.037003000000
422.071014000000	272.324005000000
615.851013000000	203.884995000000
321.792999000000	248.432007000000
164.195999000000	178.682007000000
631.981995000000	185.839005000000
87.1880040000000	254.612000000000
316.386993000000	127.338997000000
71.9560010000000	138.233002000000
110.213997000000	201.048996000000
217.255005000000	81.3190000000000
587.450012000000	247.677994000000
427.432007000000	105.708000000000
501.877014000000	26.1660000000000
538.823975000000	383.944000000000
427.882996000000	299.612000000000
514.588989000000	408.184998000000
481.720001000000	195.608002000000
180.886002000000	68.1080020000000
301.942993000000	44.4100000000000
511.635986000000	53.6259990000000
497.925995000000	248.231003000000
460.653992000000	198.389999000000
60.2840000000000	264.433014000000
241.253998000000	75.4820020000000
217.897003000000	54.4070010000000
346.990997000000	377.263000000000
80.2809980000000	246.334000000000
560.096008000000	382.976990000000
115.519997000000	58.4100000000000
76.7149960000000	149.561005000000
129.647003000000	46.0340000000000
58.8820000000000	328.747009000000
655.396973000000	50.3569980000000
64.3700030000000	61.6780010000000
188.330994000000	325.157013000000
365.898987000000	255.033005000000
297.699005000000	144.746994000000
85.9909970000000	116.839996000000
273.203003000000	221.386002000000
444.127014000000	140.462997000000
115.567001000000	57.0589980000000
540.177002000000	386.553009000000
468.466003000000	343.697998000000
178.490997000000	317.902008000000
525.138977000000	418.907990000000
391.898987000000	137.921005000000
159.432999000000	387.420990000000
136.501007000000	50.8400000000000
42.8629990000000	122.209999000000
608.815002000000	419.036987000000
468.773987000000	15.6510000000000
442.821014000000	131.100006000000
608.716980000000	430.851013000000
366.161011000000	314.977997000000
520.536011000000	92.4550020000000
32.4760020000000	156.755005000000
349.221985000000	249.858994000000
529.892029000000	187.313004000000
627.960022000000	194.190002000000
47.6780010000000	313.933990000000
33.7319980000000	346.760010000000
503.733002000000	201.082001000000
367.761993000000	255.641998000000
540.226013000000	288.471008000000
316.976013000000	384.674988000000
26.7360000000000	349.804993000000
632.000977000000	119.902000000000
525.515991000000	333.544006000000
316.740997000000	302.322998000000
86.7740020000000	125.449997000000
660.096008000000	293.601990000000
342.532013000000	329.746002000000
623.718018000000	377.878998000000
99.4170000000000	391.773987000000
533.591003000000	208.408005000000
531.807007000000	414.643005000000
616.414978000000	370.341003000000
655.148987000000	286.462006000000
500.641998000000	179.147003000000
628.239990000000	309.437988000000
207.593994000000	123.522003000000
359.260010000000	380.648987000000
512.455994000000	306.048004000000
36.1660000000000	318.341003000000
185.623993000000	149.294998000000
647.958008000000	210.983994000000
645.377991000000	82.9509960000000
59.7900010000000	299.885986000000
282.656006000000	123.613998000000
542.982971000000	387.144989000000
662.614990000000	100.900002000000
604.317017000000	75.2249980000000
347.936005000000	379.523987000000
274.795013000000	418.681000000000
234.667999000000	220.916000000000
70.1350020000000	62.5210000000000
324.484985000000	346.931000000000
51.9070010000000	156.029999000000
378.980988000000	277.872986000000
199.139008000000	323.941010000000
239.197006000000	318.054993000000
404.428009000000	253.281998000000
390.306000000000	255.835007000000
634.106018000000	211.699005000000
99.3499980000000	15.9590000000000
615.469971000000	380.414001000000
408.385010000000	359.132996000000
504.694000000000	173.828003000000
537.617004000000	378.050995000000
509.868988000000	357.985992000000
429.355011000000	301.933014000000
140.660995000000	139.847000000000
151.848007000000	319.920013000000
137.449005000000	68.6969990000000
235.005005000000	133.738007000000
110.246002000000	114.046997000000
521.706970000000	305.972992000000
165.210007000000	343.414001000000
336.454987000000	356.566010000000
553.153992000000	359.031006000000
649.135010000000	174.389999000000
659.750977000000	402.056000000000
163.716003000000	398.640991000000
261.134003000000	231.522003000000
662.197021000000	345.635986000000
366.428009000000	335.615997000000
656.005981000000	312.569000000000
548.893982000000	213.738998000000
160.822006000000	115.297997000000
429.769989000000	130.923996000000
341.816010000000	348.822998000000
549.408997000000	211.934006000000
609.106995000000	405.716003000000
665.799011000000	4.05900000000000
548.929016000000	213.597000000000
97.3840030000000	276.234009000000
670.627014000000	422.764008000000
196.022003000000	127.612000000000
521.322998000000	38.2330020000000
18.5550000000000	299.631989000000
627.718018000000	323.911987000000
380.221008000000	405.811005000000
510.197998000000	44.0490000000000
543.982971000000	266.334015000000
539.591980000000	384.631989000000
206.554993000000	303.529999000000
300.917999000000	56.7599980000000
401.983002000000	370.856995000000
128.167007000000	370.828003000000
300.779999000000	392.266998000000
598.375977000000	392.752991000000
177.151001000000	345.826996000000
556.883972000000	316.497009000000
536.974976000000	336.704987000000
90.2490010000000	82.2839970000000
539.349976000000	206.149994000000
315.247986000000	406.899994000000
333.510986000000	294.588013000000
210.119003000000	317.864990000000
120.507004000000	236.401993000000
79.7379990000000	144.651993000000
348.251007000000	263.549011000000
547.820984000000	240.580994000000
636.244995000000	167.593002000000
238.065002000000	413.121002000000
541.224976000000	278.670990000000
126.587997000000	70.2929990000000
667.460999000000	315.606995000000
525.820984000000	195.069000000000
460.567993000000	342.471008000000
512.140015000000	368.394012000000
505.104004000000	149.574997000000
497.588989000000	133.753006000000
627.586975000000	151.352997000000
531.455017000000	232.205002000000
547.130005000000	287.325012000000
539.439026000000	18.9300000000000
507.886993000000	49.3670010000000
512.538025000000	259.131989000000
59.2719990000000	371.695007000000
435.289001000000	23.7549990000000
242.072006000000	126.921997000000
397.806000000000	47.1329990000000
392.227997000000	245.858994000000
336.723999000000	396.783997000000
159.959000000000	146.682007000000
550.536011000000	436.944000000000
627.754028000000	256.809998000000
518.434998000000	32.5350000000000
93.7559970000000	355.424011000000
624.630005000000	93.4369960000000
325.220001000000	273.040985000000
603.182007000000	250.893005000000
685.390991000000	434.183990000000
333.394989000000	238.464996000000
11.9570000000000	171.283997000000
584.333008000000	267.903015000000
21.8790000000000	54.6880000000000
553.666992000000	340.684998000000
519.591003000000	62.5690000000000
411.598999000000	155.401993000000
283.549011000000	68.5980000000000
561.078979000000	345.643005000000
431.696991000000	277.446014000000
333.356995000000	356.483002000000
67.8359990000000	357.154999000000
463.722992000000	131.977005000000
401.410004000000	273.532013000000
556.013000000000	170.259995000000
633.346985000000	150.822006000000
551.793030000000	365.627991000000
179.503998000000	73.6490020000000
535.330017000000	371.593994000000
244.910004000000	388.946991000000
494.940002000000	220.242004000000
297.403015000000	445.138000000000
94.2839970000000	242.401001000000
650.046021000000	306.498993000000
86.4219970000000	118.712997000000
250.460007000000	229.375000000000
534.396973000000	56.2620010000000
579.254028000000	372.234985000000
36.6910020000000	76.4599990000000
548.835022000000	99.0759960000000
193.113998000000	137.582001000000
657.638000000000	284.282013000000
629.382996000000	236.085999000000
472.946014000000	135.580002000000
142.311005000000	316.266998000000
44.5719990000000	324.614990000000
375.977997000000	321.679993000000
277.812012000000	317.431000000000
395.188995000000	270.350006000000
500.502014000000	204.852005000000
150.643997000000	342.536011000000
463.251007000000	116.720001000000
59.9970020000000	261.053009000000
665.695984000000	285.148987000000
274.248993000000	348.372009000000
486.972992000000	51.9770010000000
558.659973000000	297.575012000000
221.074997000000	413.644989000000
219.462997000000	385.102997000000
642.268005000000	159.520996000000
163.440002000000	251.326996000000
561.182007000000	258.152008000000
306.862000000000	156
274.789001000000	76.1019970000000
667.250977000000	286.183990000000
412.170990000000	388.773987000000
333.839996000000	122.300003000000
437.770996000000	288.437012000000
677.573975000000	322.161011000000
516.705017000000	400.266998000000
515.604980000000	60.6360020000000
639.317993000000	414.540985000000
280.036011000000	122.696999000000
412.730988000000	265.626007000000
50.2000010000000	364.019989000000
563.161987000000	174.244003000000
151.597000000000	408.276001000000
635.598999000000	102.250999000000
363.190002000000	336.239990000000
674.567993000000	339.544006000000
162.423996000000	411.858002000000
324.191986000000	409.575012000000
672.903015000000	328.367004000000
652.689026000000	122.403000000000
330.476990000000	282.527008000000
582.653992000000	389.699005000000
482.967010000000	322.529999000000
492.506989000000	200.809998000000
614.604004000000	195.776993000000
319.864014000000	247.985001000000
519.200012000000	345.933014000000
399.239014000000	441.673004000000
131.046005000000	291.371002000000
134.169006000000	378.513000000000
521.374023000000	286.869995000000
646.546021000000	225.520004000000
112.203003000000	146.496002000000
180.177994000000	299.059998000000
612.377991000000	263.118988000000
610.768005000000	395.498993000000
649.828979000000	367.927002000000
538.612976000000	196.380005000000
324.311005000000	286.670990000000
656.203003000000	145.947006000000
335.365997000000	346.502014000000
157.813995000000	223.126999000000
407.358002000000	275.192993000000
162.839005000000	348.200012000000
224.141998000000	72.8030010000000
646.351990000000	334.332001000000
619.340027000000	225.423004000000
121.867996000000	52.6930010000000
108.601997000000	18.8729990000000
629.010986000000	363.112000000000
306.385986000000	85.9130020000000
61.1240010000000	55.3279990000000
319.408997000000	399.138000000000
40.7669980000000	139.778000000000
284.214996000000	248.529999000000
150.434006000000	252.460007000000
28.0119990000000	314.748993000000
474.463989000000	139.876999000000
458.200989000000	34.9129980000000
643.979980000000	33.9450000000000
455.705994000000	41.9900020000000
591.239014000000	381.501007000000
106.769997000000	265.610992000000
441.596985000000	305.164001000000
144.341995000000	115.624001000000
97.2689970000000	279.885986000000
625.286987000000	18.4330010000000
39.5730020000000	309.881012000000
495.252014000000	197.916000000000
355.130005000000	252.546005000000
540.612976000000	120.780998000000
299.091003000000	82.8170010000000
17.5090010000000	331.704987000000
29.0550000000000	65.6250000000000
461.252014000000	53.5320010000000
510.354004000000	327.095001000000
326.756989000000	335.260986000000
331.317993000000	227.154007000000
329.121002000000	374.834015000000
395.243011000000	258.416992000000
406.167999000000	401.748993000000
194.660004000000	307.670990000000
628.668030000000	415.239990000000
461.233002000000	60.5200000000000
180.266006000000	58.1580010000000
491.303009000000	243.468002000000
463.112000000000	290.737000000000
675.864014000000	238.125000000000
87.0260010000000	418.582001000000
61.7470020000000	127.946999000000
642.572021000000	364.739990000000
132.682999000000	122.783997000000
641.921021000000	240.791000000000
270.199005000000	230.858002000000
313.471985000000	86.4530030000000
281.483002000000	151.996002000000
173.052002000000	401.252991000000
559.948975000000	250.634003000000
142.098999000000	358.630005000000
230.179993000000	406.199005000000
523.875977000000	33.9739990000000
562.573975000000	385.947998000000
448.278015000000	119.683998000000
292.078003000000	400.817993000000
471.911987000000	198.550003000000
234.246002000000	393.627014000000
347.588013000000	337.200989000000
95.4179990000000	134.056000000000
185.128006000000	333.795990000000
72.8140030000000	78.9870000000000
125.672997000000	156.348999000000
288.345001000000	284.308014000000
309.095001000000	59.4319990000000
380.373993000000	43.2160000000000
612.806030000000	423.199005000000
492.957001000000	143.779999000000
350.660004000000	246.139008000000
329.470001000000	250.251007000000
499.536987000000	40.2859990000000
615.031006000000	221.962006000000
465.561005000000	283.162994000000
614.658020000000	201.035995000000
82.3069990000000	366.572998000000
21.5200000000000	406.765991000000
199.315994000000	137.552994000000
199.710999000000	85.1890030000000
478.691010000000	142.216003000000
100.956001000000	196.835999000000
516.781006000000	39.0770000000000
472.867004000000	36.7710000000000
61.5490000000000	158.667007000000
313.144989000000	247.080002000000
572.007996000000	172
243.498001000000	373.692993000000
353.516998000000	304.458008000000
215.419006000000	380.251007000000
628.172974000000	302.813995000000
196.934998000000	225.578003000000
93.4349980000000	263.432007000000
104.872002000000	233.636002000000
500.876007000000	79.2969970000000
596.406006000000	443.549988000000
449.250000000000	299.794006000000
247.117996000000	46.4189990000000
240.822998000000	144.485001000000
572.783020000000	175.419006000000
577.971008000000	168.302994000000
34.0309980000000	134.587997000000
28.9559990000000	283.670990000000
281.496002000000	51.9430010000000
35.4609990000000	322.419006000000
319.237000000000	141.501007000000
561.000977000000	202.625000000000
579.549011000000	51.6850010000000
590.585022000000	407.209015000000
663.765015000000	2.25500000000000
523.281982000000	326.602997000000
552.041992000000	194.276001000000
485.825989000000	204.955994000000
55.4389990000000	264.381989000000
232.212006000000	389.459015000000
337.424011000000	397.764008000000
358.904999000000	350.699005000000
225.216995000000	118.789001000000
549.619995000000	349.803986000000
434.385010000000	250.951996000000
279.552002000000	222.337006000000
32.8610000000000	58.0289990000000
170.666000000000	75.0070040000000
161.296997000000	302.848999000000
228.542999000000	406.701996000000
68.3489990000000	131.007004000000
508.615997000000	323.105011000000
439.313995000000	217.574997000000
99.4410020000000	409.862000000000
499.532990000000	79.6559980000000
243.350006000000	147.063995000000
385.595001000000	367.559998000000
455.085999000000	141.110992000000
129.574005000000	118.792000000000
229.757004000000	64.2890010000000
506.734009000000	35.2220000000000
220.143005000000	44.3769990000000
220.190994000000	12.7300000000000
16.5289990000000	325.157990000000
534.455017000000	215.425003000000
284.914001000000	380.434998000000
437.541992000000	126.657997000000
223.759995000000	136.723999000000
122.103996000000	50.3950000000000
553.158020000000	391.347992000000
453.806000000000	313.485992000000
94.1589970000000	116.268997000000
195.794998000000	409.251007000000
518.353027000000	352.080994000000
646.645996000000	51.7020000000000
547.176025000000	436.739014000000
207.177994000000	249.072006000000
554.393005000000	286.436005000000
139.505005000000	334.477997000000
529.283997000000	112.750000000000
538.862000000000	277.243988000000
632.236023000000	54.6419980000000
545.612000000000	384.899994000000
520.416016000000	119.681999000000
354.242004000000	397.596985000000
544.119019000000	418.466003000000
566.317993000000	118.996002000000
153.606995000000	394.882996000000
648.057983000000	119.496002000000
568.872986000000	286.391998000000
60.4980010000000	345.467010000000
163.235001000000	119.442001000000
176.233002000000	409.299988000000
499.898987000000	406.981995000000
47.9039990000000	345.269012000000
651.520020000000	278.170990000000
140.451004000000	236.225998000000
653.122009000000	376.846985000000
569.283997000000	409.643005000000
676.960022000000	318.045990000000
58.0540010000000	318.868988000000
487.054993000000	214.951996000000
605.302002000000	376.519012000000
435.346985000000	368.473999000000
74.6350020000000	72.5149990000000
123.952003000000	254.343002000000
237.800003000000	74.1149980000000
288.088013000000	61.7900010000000
37.8110010000000	73.3079990000000
182.867996000000	391.743988000000
354.799988000000	384.181000000000
647.825012000000	49.9450000000000
353.398010000000	397.708008000000
284.545013000000	48.8950000000000
60.3660010000000	62.2179990000000
51.4150010000000	43.5800020000000
21.4459990000000	86.0530010000000
548.059998000000	173.863007000000
283.320007000000	63.1460000000000
543.625000000000	366.729004000000
217.251007000000	47.3120000000000
405.420013000000	322.589996000000
51.3300020000000	295.612000000000
558.744995000000	370.299988000000
184.386993000000	223.246994000000
669.796997000000	303.023010000000
91.9970020000000	338.114990000000
217.035995000000	242.945007000000
380.079010000000	357.855011000000
113.464996000000	387.941010000000
631.229004000000	366.609009000000
113.787003000000	377.901001000000
241.800003000000	406.292999000000
210.289001000000	238.240005000000
627.869019000000	165.602997000000
641.841980000000	398.415009000000
53.3310010000000	374.734985000000
500.859009000000	44.8009990000000
440.653992000000	270.296997000000
142.639008000000	230.048996000000
452.489014000000	277.812012000000
602.362976000000	270.477997000000
616.421997000000	111.700996000000
658.757019000000	307.582001000000
396.891998000000	373.015015000000
476.335999000000	315.065002000000
675.703979000000	316.010986000000
195.804993000000	243.703003000000
272.951996000000	67.8610000000000
53.5569990000000	46.4350010000000
311.079987000000	314.184998000000
341.002991000000	230.677994000000
228.253998000000	141.654999000000
688.948975000000	322.192993000000
288.144012000000	52.9580000000000
371.889008000000	375.311005000000
290.113007000000	128.994995000000
649.827026000000	282.983002000000
622.906982000000	182.093002000000
220.039001000000	38.1129990000000
520.778992000000	324.149994000000
11.7950000000000	320.398987000000
108.403000000000	69.9219970000000
87.8239970000000	391.230011000000
517.442993000000	330.018005000000
435.610992000000	404.769989000000
323.213013000000	145.350998000000
77.7839970000000	368.735992000000
380.614014000000	104.292000000000
554.474976000000	11.8120000000000
632.609985000000	182.688004000000
352.740997000000	400.141998000000
62.7869990000000	116.389000000000
628.059021000000	244.608994000000
105.602997000000	372.631012000000
316.881012000000	387.381989000000
526.513000000000	203.598999000000
107.337997000000	75.2760010000000
625.148987000000	93.0459980000000
160.335999000000	76.1790010000000
290.546997000000	385.841003000000
149.332001000000	136.580002000000
85.6670000000000	139.498001000000
608.315979000000	398.170013000000
649.469971000000	389.752991000000
152.714996000000	306.718994000000
163.988007000000	244.001999000000
572.247009000000	364.453003000000
247.005005000000	229.923004000000
311.102997000000	403.416992000000
452.381989000000	293.518005000000
77.1760030000000	49.5099980000000
219.423004000000	69.7789990000000
108.902000000000	69.4410020000000
30.5140000000000	323.790009000000
387.559998000000	412.924011000000
606.781982000000	432.170013000000
72.1709980000000	264.390015000000
635.439026000000	304.739014000000
199.539993000000	149.175995000000
442.782013000000	68.1539990000000
556.919006000000	357.493988000000
612.517029000000	272.815002000000
512.750977000000	317.528015000000
35.2379990000000	319.424011000000
620.362976000000	160.289993000000
565.117004000000	372.376007000000
395.002014000000	254.261002000000
329.865997000000	407.731995000000
190.845001000000	347.223999000000
509.466003000000	220.470993000000
134.785995000000	122.136002000000
640.744995000000	377.837006000000
242.677002000000	248.826996000000
368.207001000000	318.773987000000
619.435974000000	214.011993000000
426.686005000000	80.9609990000000
506.764008000000	61.9630010000000
649.536987000000	386.140991000000
230.449005000000	116.458000000000
117.679001000000	78.3379970000000
645.098999000000	322.431000000000
45.3880000000000	49.2020000000000
122.552002000000	139.865005000000
40.7099990000000	55.6430020000000
655.015015000000	320.304993000000
544.557007000000	381.868988000000
418.101990000000	272.526001000000
487.661987000000	135.606995000000
435.846008000000	384.635986000000
535.859985000000	323.398010000000
668.918030000000	310.729004000000
406.712006000000	426.563995000000
188.412003000000	336.352997000000
243.951996000000	439.550995000000
57.0610010000000	374.483002000000
646.090027000000	151.455002000000
529.216980000000	223.404999000000
526.864014000000	357.966003000000
632.369019000000	159.082001000000
551.971985000000	433.885986000000
152.106995000000	294.467010000000
531.560974000000	308.338989000000
427.867004000000	260.473999000000
124.194000000000	48.6110000000000
613.911011000000	270.454010000000
68.7829970000000	115.930000000000
553.151978000000	214.212997000000
18.7269990000000	407.127991000000
396.223999000000	246.067993000000
541.200012000000	384.369995000000
219.070007000000	235.658997000000
530.617981000000	305.941986000000
237.166000000000	257.412994000000
416.609009000000	376.076996000000
194.578003000000	72.1409990000000
437.838989000000	261.303986000000
77.2180020000000	266.562988000000
210.809998000000	242.908997000000
606.346985000000	248.154007000000
249.572006000000	52.3100010000000
187.947006000000	318.915009000000
479.829987000000	105.038002000000
243.796997000000	228.266998000000
429.436005000000	340.571991000000
547.515015000000	281.807007000000
497.872986000000	101.222000000000
303.337006000000	221.746994000000
618.979980000000	98.3290020000000
23.2000010000000	320.641998000000
642.854980000000	78.9710010000000
245.179993000000	407.026001000000
379.027008000000	16.1889990000000
282.143005000000	59.5760000000000
210.494995000000	238.139008000000
348.600006000000	301.958008000000
127.875999000000	83.6139980000000
189.182999000000	234.026001000000
262.424011000000	319.593994000000
189.371994000000	314.475006000000
274.105011000000	412.022003000000
566.273010000000	6.75200000000000
331.782990000000	63.5400010000000
446.773987000000	76.7850040000000
243.296005000000	380.540009000000
530.172974000000	206.917999000000
395.312012000000	390.998993000000
386.880005000000	373.154999000000
479.967987000000	138.076996000000
675.523987000000	422.899994000000
549.270020000000	257.725006000000
484.769989000000	216.309006000000
83.2959980000000	352.011993000000
253.216995000000	151.574005000000
40.4590000000000	275.688995000000
448.877991000000	95.8259960000000
462.860992000000	412.191986000000
623.744019000000	139.169998000000
442.277008000000	82.3789980000000
184.574005000000	302.294006000000
142.567993000000	295.648987000000
655.846985000000	347.220001000000
676.479004000000	208.048996000000
120.255997000000	121.220001000000
372.024994000000	396.260986000000
647.286011000000	342.130005000000
184.731003000000	150.449005000000
446.196014000000	269.496002000000
124.830002000000	45.2550010000000
144.505005000000	74.9830020000000
66.5370030000000	56.1549990000000
123.283997000000	275.261993000000
301.649994000000	255.317993000000
294.197998000000	248.246002000000
78.8099980000000	151.240997000000
652.603027000000	136.516006000000
167.807007000000	299.420990000000
63.3540000000000	130.106003000000
25.6590000000000	61.6050000000000
477.821991000000	125.799004000000
446.563995000000	347.585999000000
64.7300030000000	96.2740020000000
105.597000000000	437.571014000000
579.960022000000	264.153992000000
63.0550000000000	217.602005000000
586.249023000000	371.143005000000
212.792999000000	53.9930000000000
88.8259960000000	45.8870010000000
627.867004000000	180.927994000000
449.080994000000	359.579010000000
35.2410010000000	21.7070010000000
37.4570010000000	123.702003000000
675.872986000000	339.515015000000
87.0360030000000	156.578003000000
439.061005000000	125.072998000000
475.859985000000	174.716995000000
186.207993000000	394.359009000000
345.247986000000	407.526001000000
432.316010000000	124.001999000000
229.128998000000	50.2789990000000
640.968994000000	379.615997000000
319.463013000000	240.966995000000
122.510002000000	378.427002000000
206.384995000000	138.240005000000
19.1140000000000	299.643005000000
575.807007000000	257.138000000000
651.169006000000	210.210007000000
99.0459980000000	311.800995000000
497.126007000000	54.2290000000000
155.041000000000	75.0220030000000
62.2300000000000	113.478996000000
114.279999000000	271.944000000000
642.697021000000	361.640015000000
377.053986000000	369.856995000000
31.9950010000000	436.082001000000
239.591003000000	255.376999000000
148.207001000000	127.053001000000
638.421021000000	99.8560030000000
612.867004000000	253.735992000000
535.476990000000	194.487000000000
147.945999000000	153.807007000000
523.648010000000	421.540009000000
476.503998000000	340.795990000000
502.700989000000	415.230988000000
477.565002000000	313.859009000000
538.353027000000	211.888000000000
379.950012000000	32.5950010000000
434.170013000000	41.4770010000000
101.575996000000	367.519012000000
596.432007000000	277.179993000000
538.864990000000	112.593002000000
499.578003000000	243.725006000000
660.125000000000	366.516998000000
649.903015000000	178.714005000000
1.30900000000000	275.028015000000
138.936005000000	124.199997000000
220.082993000000	254.645004000000
476.799011000000	323.226013000000
278.815002000000	80.8820040000000
269.622986000000	125.958000000000
128.192001000000	398.022003000000
614.364014000000	272.701996000000
617.664978000000	252.031006000000
551.604004000000	216.110001000000
385.226990000000	397.039001000000
368.578003000000	397.092010000000
378.406006000000	310.994995000000
553.882996000000	370.390991000000
219.074005000000	113.817001000000
100.226997000000	61.5369990000000
563.906006000000	132.298004000000
468.865997000000	127.138000000000
289.173004000000	122.650002000000
153.186005000000	339.359985000000
581.455017000000	372.783997000000
84.2180020000000	65.8010030000000
69.7809980000000	341.580994000000
555.177002000000	275.960999000000
599.653015000000	287.967010000000
184.925003000000	77.8119960000000
493.325989000000	16.9380000000000
427.171997000000	124.565002000000
657.432983000000	86.5520020000000
163.705994000000	78.0210040000000
544.682007000000	123.245003000000
559.456970000000	200.820999000000
159.468002000000	430.164001000000
428.104004000000	114.592003000000
209.779007000000	132.100998000000
47.8590010000000	135.835007000000
37.5540010000000	144.447006000000
274.686005000000	169.677002000000
380.229004000000	278.871002000000
545.711975000000	315.489014000000
428.700012000000	254.996994000000
308.898987000000	243.751007000000
72.8079990000000	350.062012000000
85.1039960000000	284.027008000000
664.765015000000	31.4489990000000
391.606995000000	358.264008000000
438.614990000000	84.7129970000000
148.925003000000	307.248993000000
393.243988000000	359.234985000000
626.130005000000	231.904999000000
350.420990000000	404.223999000000
427.476990000000	96.3359990000000
422.638000000000	289.170013000000
491.161011000000	51.9230000000000
224.414993000000	402.938995000000
172.186005000000	223.494995000000
81.7480010000000	155.518005000000
239.395004000000	240.283997000000
79.2289960000000	267.223999000000
321.648987000000	48.8209990000000
333.292999000000	240.160004000000
134.679001000000	253.789993000000
88.4909970000000	269.334015000000
429.994995000000	279.562012000000
411.816986000000	20.6730000000000
408.977997000000	245.203003000000
57.7150000000000	59.9039990000000
641.710999000000	122.241997000000
573.489990000000	146.024002000000
40.3160020000000	334.959991000000
181.087997000000	249.895004000000
643.697998000000	346.001007000000
34.0359990000000	385.453003000000
63.0999980000000	355.765015000000
248.496994000000	246.518005000000
219.891006000000	383.907990000000
516.713013000000	219.792999000000
548.372009000000	265.360992000000
616.788025000000	258.515015000000
200.182007000000	303.225006000000
531.802002000000	225.108994000000
332.295990000000	127.105003000000
674.885010000000	365.713013000000
500.865997000000	246.602997000000
100.300003000000	284.600006000000
541.257019000000	148.261002000000
513.679016000000	346.289001000000
278.294006000000	249.901993000000
55.3499980000000	292.588013000000
537.500977000000	290.502014000000
497.562012000000	122.628998000000
570.143005000000	352.944000000000
106.185997000000	398.596985000000
530.609985000000	328.084991000000
552.578003000000	364.203003000000
309.050995000000	248.304001000000
331.845001000000	74.1159970000000
177.139008000000	67.1460040000000
362.130005000000	366.390015000000
216.130997000000	257.701996000000
648.156982000000	398.903015000000
625.494019000000	303.460999000000
175.985992000000	233.147003000000
209.123001000000	123.172997000000
489.134003000000	187.813004000000
566.939026000000	138.255997000000
661.646973000000	301.964996000000
159.686996000000	106.005997000000
580.914978000000	145.388000000000
257.462006000000	57.3839990000000
144.876999000000	128.580994000000
158.800003000000	380.480988000000
99.2099990000000	108.523003000000
682.883972000000	91.0319980000000
534.109985000000	346.244995000000
132.216995000000	246.373993000000
673.116028000000	404.627014000000
637.067993000000	160.841003000000
479.808014000000	203.395996000000
273.457001000000	67.1950000000000
473.132996000000	331
568.387024000000	389.901001000000
57.0229990000000	149.742004000000
618.713989000000	396.798004000000
130.294998000000	404.488007000000
66.3079990000000	364.859985000000
625.781982000000	331.382996000000
80.4120030000000	73.3420030000000
430.171997000000	335.476990000000
320	158.919998000000
544.479980000000	124.896004000000
414.971985000000	130.906998000000
323.325989000000	383.665009000000
665.169006000000	80.9990010000000
346.024994000000	384.990997000000
201.755005000000	248.707001000000
153.843002000000	314.562988000000
205.580002000000	76.4960020000000
332.694000000000	122.375000000000
111.639999000000	82.4359970000000
614.723999000000	173.507004000000
478.826996000000	306.424011000000
491.875000000000	42.6920010000000
555.901001000000	367.859009000000
487.153015000000	21.7320000000000
636.828003000000	55.1570010000000
368.950012000000	38.7700000000000
545.226990000000	101.677002000000
68.0189970000000	293.410004000000
477.795990000000	123.101997000000
302.013000000000	141.987000000000
433.847992000000	302.497009000000
540.793030000000	432.414001000000
147.595001000000	118.396004000000
513.710999000000	217.276993000000
313.484985000000	394.661011000000
428.447998000000	78.3000030000000
273.795013000000	148.503006000000
234.169006000000	241.886002000000
658.297974000000	127.320999000000
47.5830000000000	291.342987000000
188.464005000000	251.664993000000
262.062988000000	64.3700030000000
195.753006000000	403.899994000000
222.546005000000	138.307999000000
198.046997000000	70.3990020000000
175.509995000000	260.591003000000
172.522003000000	115.515999000000
475.018005000000	246.755005000000
216.953003000000	250.880997000000
385.833008000000	206.727997000000
625.716980000000	391.962006000000
546.070984000000	298.937988000000
512.421997000000	312.806000000000
111.306999000000	116.820999000000
